14382 11
12817 11
4608 11
9543 1
13079 1
1761 1
12285 2
14530 2
12545 2
12174 2
11978 2
8960 2
8559 2
11701 2
11531 2
11107 2
9454 2
13094 2
3755 2
5054 2
4418 2
1864 2
2451 2
2909 2
2478 2
5079 2
4526 2
7132 2
8280 2
11982 11
7467 11
421 11
10814 11
9914 12
9915 12
9916 12
9917 12
9918 12
11891 11
13726 3
13727 3
12792 3
12702 3
10752 12
10753 12
10754 12
10755 12
10756 12
7717 3
7778 3
13283 11
5105 3
3598 3
1708 3
1372 3
2551 3
11658 3
14611 11
14613 11
4032 11
6181 3
2946 3
3211 3
4 11
7769 11
13546 3
14253 3
9359 3
3584 3
6929 3
6870 3
6930 3
4130 3
3349 3
1179 3
1096 3
6818 3
6878 3
1147 3
1231 3
11742 3
8076 11
13092 11
2862 11
1974 11
958 11
3717 11
12987 11
10780 11
7339 11
8874 11
1285 11
6576 11
14292 11
8899 13
8900 13
8901 13
8902 13
8903 13
8989 13
8990 13
8991 13
8992 13
8993 13
9079 13
9080 13
9081 13
9082 13
9083 13
9169 13
9170 13
9171 13
9172 13
9173 13
9259 13
9260 13
9261 13
9262 13
9263 13
10227 142
10228 142
10312 142
10229 142
10313 142
8106 142
8180 142
8254 142
8328 142
8402 142
8107 142
8181 142
8255 142
8329 142
8403 142
8486 142
8570 142
8654 142
8738 142
8822 142
8487 142
8571 142
8655 142
8739 142
8823 142
8476 142
8477 142
8478 142
8479 142
8480 142
8560 142
8561 142
8562 142
8563 142
8564 142
8644 142
8645 142
8646 142
8647 142
8648 142
8728 142
8729 142
8730 142
8731 142
8732 142
8812 142
8813 142
8814 142
8815 142
8816 142
8481 142
8482 142
8483 142
8484 142
8485 142
8565 142
8566 142
8567 142
8568 142
8569 142
8649 142
8650 142
8651 142
8652 142
8653 142
8733 142
8734 142
8735 142
8736 142
8737 142
8817 142
8818 142
8819 142
8820 142
8821 142
1545 142
1635 142
1725 142
1815 142
1905 142
1546 142
1636 142
1726 142
1816 142
1906 142
1547 142
1637 142
1727 142
1817 142
1907 142
1548 142
1638 142
1728 142
1818 142
1908 142
1549 142
1639 142
1729 142
1819 142
1909 142
13215 13
13299 13
13383 13
13467 13
13551 13
13216 13
13300 13
13384 13
13468 13
13552 13
13217 13
13301 13
13385 13
13469 13
13553 13
13218 13
13302 13
13386 13
13470 13
13554 13
13219 13
13303 13
13387 13
13471 13
13555 13
